Table 1: comparisons against 'quadl'

 nnu  piHIerr  piHeIerr  piHeIIerr  GHIerr   GHeIerr   GHeIIerr
-----------------------------------------------------------------
  3   3.34e-2  2.383e-2  9.154e-2  6.296e-3  7.659e-2  7.111e-1
  5   2.42e-3  5.872e-5  4.610e-3  3.836e-3  2.245e-3  3.228e-3
  7   1.16e-3  9.718e-5  2.113e-4  1.597e-3  2.206e-3  2.987e-3
  9   8.04e-4  1.629e-4  7.459e-5  1.299e-3  2.976e-3  3.284e-4
 11   7.03e-4  1.747e-4  4.048e-5  1.208e-3  3.161e-3  1.175e-5
 13   6.67e-4  1.757e-4  2.347e-5  1.171e-3  3.229e-3  1.250e-4
 15   6.52e-4  1.758e-4  1.641e-5  1.155e-3  3.258e-3  1.888e-4
 17   6.44e-4  1.759e-4  1.312e-5  1.148e-3  3.272e-3  2.194e-4
 19   6.40e-4  1.759e-4  1.140e-5  1.143e-3  3.280e-3  2.356e-4
 25   6.36e-4  1.758e-4  9.462e-6  1.139e-3  3.288e-3  2.539e-4
-----------------------------------------------------------------




Table 2: comparisons between numerical methods (self-convergence)

 nnu pHI1(*e-27)   pHI2(*e-27)   GHI1(*e-38)   GHI2(*e-38)
-------------------------------------------------------------
  3  1.0603080988  1.0510536879  1.0365244446  1.0244175827
  5  1.0285161227  1.0289445621  1.0390897510  1.0396020651
  7  1.0272251204  1.0271770849  1.0414252713  1.0413617644
  9  1.0268540322  1.0268407122  1.0417367007  1.0417164043
 11  1.0267500656  1.0267445953  1.0418312930  1.0418212795
 13  1.0267139850  1.0267095105  1.0418695585  1.0418613149
 15  1.0266982040  1.0266944577  1.0418862709  1.0418793116
 17  1.0266903993  1.0266872264  1.0418944157  1.0418884525
 19  1.0266862114  1.0266834547  1.0418987844  1.0418935599
 25  1.0266814273  1.0266794213  1.0419038037  1.0418999590
 51  1.0266793143  1.0266783688  1.0419060329  1.0419042084
101  1.0266792025  1.0266787293  1.0419061512  1.0419052384
-------------------------------------------------------------




 nnu pHeI1(*e-27)  pHeI2(*e-27)  GHeI1(*e-38)  GHeI2(*e-38)
-------------------------------------------------------------
  3  1.5495493768  1.5393621995  2.0343644612  2.0077995786
  5  1.5133848044  1.5139138496  2.1981653035  2.1992964877
  7  1.5133265976  1.5132728337  2.2079740732  2.2078486563
  9  1.5132271136  1.5132145819  2.2096699732  2.2096345786
 11  1.5132092515  1.5132055802  2.2100777803  2.2100627827
 13  1.5132077039  1.5132047474  2.2102274766  2.2102151948
 15  1.5132074740  1.5132050489  2.2102915041  2.2102812051
 17  1.5132074303  1.5132054372  2.2103221663  2.2103134242
 19  1.5132074550  1.5132057613  2.2103383442  2.2103307363
 25  1.5132075585  1.5132063636  2.2103565963  2.2103510479
 51  1.5132076439  1.5132070917  2.2103645271  2.2103619085
101  1.5132076500  1.5132073733  2.2103649410  2.2103636305
-------------------------------------------------------------




 nnu pHeII1(*e-27) pHeII2(*e-27) GHeII1(*e-38) GHeII2(*e-38)
-------------------------------------------------------------
  3  4.2373033004  4.2334393253  1.4178254021  1.3902708733
  5  3.8640466305  3.8650160821  4.8931189519  4.8957639453
  7  3.8811236541  3.8810298500  4.8943020479  4.8940926338
  9  3.8816543574  3.8816368728  4.9073570819  4.9073188614
 11  3.8817867509  3.8817849399  4.9089115067  4.9089075745
 13  3.8818527768  3.8818514645  4.9095830485  4.9095802059
 15  3.8818802032  3.8818792876  4.9098960640  4.9098940826
 17  3.8818929480  3.8818923944  4.9100465995  4.9100454021
 19  3.8818996349  3.8818992925  4.9101259158  4.9101251754
 25  3.8819071845  3.8819070725  4.9102158197  4.9102155777
 51  3.8819104637  3.8819104510  4.9102552192  4.9102551917
101  3.8819106348  3.8819106273  4.9102572887  4.9102572725
-------------------------------------------------------------
   
